1
7
9
10
11
17
18
20
23
24
31
33
35
40
42
47
48
49
60
62
65
68
71
75
83
84
85
88
89
92
94
97
99
103
105
117
124
126
129
133
136
137
138
142
144
147
159
162
164
179
186
197
198
199
206
207
215
232
234
237
241
246
248
249
256
261
262
265
276
286
289
291
293
294
295
297
299
300
309
320
328
330
335
341
345
347
348
357
366
374
376
378
384
386
389
390
393
394
401
404
417
419
422
432
433
442
444
451
459
462
463
466
467
471
472
473
477
480
486
487
489
492
496
500
503
513
514
522
523
525
527
528
534
537
544
545
547
548
553
557
559
565
566
576
581
586
603
606
607
611
616
619
624
625
628
630
639
643
644
648
650
653
659
661
664
667
675
678
689
694
695
712
713
723
731
733
735
738
750
751
753
758
777
778
780
785
791
793
799
800
808
813
814
819
823
828
829
830
834
844
850
852
853
861
866
868
871
872
876
877
880
882
892
893
902
908
911
913
922
932
935
941
942
943
945
947
950
953
956
958
962
964
967
971
972
978
988
991
1000
1002
1006
1008
1018
1025
1027
1028
1030
1034
1039
1041
1044
1052
1054
1057
1058
1064
1071
1076
1078
1092
1095
1099
1103
1104
1113
1115
1123
1131
1134
1136
1140
1141
1151
1154
1157
1166
1170
1171
1172
1176
1180
1182
1183
1185
1193
1196
1213
1219
1222
1223
1228
1238
1239
1240
1244
1250
1252
1256
1257
1258
1259
1261
1267
1274
1283
1289
1290
1298
1299
1308
1313
1314
1315
1322
1327
1328
1332
1335
1345
1346
1350
1353
1355
1357
1371
1372
1376
1378
1380
1384
1391
1397
1399
1407
1409
1425
1428
1430
1442
1444
1445
1450
1451
1453
1457
1462
1465
1466
1468
1469
1474
1480
1482
1487
1489
1509
1510
1512
1513
1516
1531
1542
1544
1553
1555
1557
1558
1563
1564
1566
1568
1576
1581
1583
1585
1587
1589
1591
1592
1594
1595
1596
1604
1607
1608
1618
1620
1624
1628
1634
1646
1648
1650
1651
1666
1678
1683
1689
1696
1706
1711
1726
1727
1730
1735
1742
1744
1749
1750
1751
1753
1761
1762
1769
1772
1777
1781
1786
1787
1792
1799
1802
1806
1808
1814
1819
1821
1825
1829
1830
1832
1834
1835
1840
1842
1844
1849
1855
1858
1868
1870
1874
1882
1885
1886
1890
1894
1896
1898
1900
1901
1915
1926
1930
1932
1936
1938
1943
1945
1952
1961
1963
1967
1969
1971
1975
1976
1980
1982
1990
1993
1995
1997
1999
2001
2006
2012
2013
2016
2021
2022
2024
2028
2029
2030
2033
2042
2057
2059
2065
2068
2077
2078
2079
2080
2091
2092
2095
2096
2097
