6
12
14
16
21
26
27
30
32
36
37
39
43
44
50
57
63
66
77
93
98
101
104
106
107
109
110
112
120
125
128
132
140
143
148
152
154
156
157
161
169
172
177
185
189
194
196
200
201
203
211
216
217
219
225
228
229
233
235
236
238
240
243
244
250
257
258
267
268
271
273
275
278
282
284
287
292
296
298
304
307
311
314
318
324
325
340
343
350
356
365
367
373
380
381
385
395
396
412
420
421
423
426
427
428
429
431
439
440
441
443
456
457
470
475
478
485
493
497
509
511
517
529
532
533
536
540
549
560
561
563
571
574
580
585
587
588
594
595
597
598
614
615
617
621
623
627
631
635
636
641
646
651
654
655
658
663
672
674
676
679
685
686
687
690
691
697
699
703
704
705
709
710
717
719
724
726
734
741
743
747
752
764
768
769
772
775
786
788
794
795
797
802
818
820
821
827
831
847
851
855
857
858
860
864
869
874
875
883
884
885
887
888
891
895
898
900
907
918
919
926
927
928
930
931
933
946
948
954
955
959
969
970
973
974
975
976
977
983
987
989
992
993
997
1001
1004
1007
1014
1017
1019
1029
1032
1040
1043
1048
1050
1051
1055
1062
1065
1072
1073
1081
1087
1088
1090
1094
1097
1110
1114
1116
1121
1126
1127
1133
1143
1147
1149
1160
1163
1177
1181
1184
1186
1187
1188
1192
1197
1199
1200
1202
1203
1208
1211
1212
1214
1217
1218
1221
1224
1225
1226
1229
1230
1234
1242
1243
1248
1251
1254
1264
1266
1284
1292
1303
1311
1325
1326
1329
1330
1333
1339
1342
1351
1356
1359
1366
1368
1373
1381
1382
1385
1390
1393
1404
1408
1412
1413
1415
1416
1417
1421
1423
1424
1432
1433
1434
1436
1441
1458
1463
1484
1488
1492
1495
1497
1499
1504
1506
1514
1523
1526
1530
1532
1533
1537
1541
1546
1547
1550
1551
1561
1567
1570
1572
1575
1580
1586
1598
1599
1601
1614
1616
1617
1619
1621
1623
1629
1630
1631
1633
1643
1647
1652
1653
1657
1663
1665
1671
1673
1680
1685
1686
1687
1690
1692
1693
1699
1701
1712
1713
1714
1715
1721
1729
1738
1743
1745
1746
1747
1748
1754
1755
1756
1766
1770
1773
1778
1780
1785
1790
1793
1794
1795
1796
1798
1800
1805
1810
1813
1816
1817
1826
1827
1828
1836
1838
1846
1848
1859
1861
1863
1865
1866
1884
1889
1893
1897
1904
1907
1909
1916
1921
1922
1924
1925
1939
1941
1948
1956
1966
1972
1973
1977
1978
1984
2007
2010
2017
2023
2027
2036
2039
2041
2045
2046
2049
2050
2054
2056
2058
2063
2073
2076
2081
2086
2087
2088
2089
