4
5
8
15
19
22
25
28
29
34
41
45
55
56
59
64
69
70
73
74
76
79
80
82
90
102
108
113
116
118
121
123
130
131
135
139
141
149
150
151
155
158
160
163
165
167
168
170
171
173
174
176
178
180
182
183
184
188
193
209
212
218
222
223
226
227
239
247
251
254
255
264
266
269
272
277
280
281
283
285
290
302
303
305
306
316
317
321
323
332
333
334
336
337
344
346
352
353
354
355
358
359
361
369
370
371
372
382
387
388
391
392
397
398
400
403
408
410
411
413
415
418
434
435
438
445
447
450
452
453
454
460
461
464
476
481
482
483
484
490
495
498
501
502
505
506
507
512
524
526
530
535
538
542
543
546
551
554
555
558
562
570
572
575
577
582
583
591
593
600
608
609
613
618
620
626
632
633
634
638
640
642
647
649
652
656
660
662
671
673
677
681
682
688
698
700
701
708
711
714
715
716
721
727
729
730
736
739
740
742
744
745
746
749
757
761
763
765
767
770
771
773
774
781
783
787
798
801
803
804
807
809
811
815
816
822
824
833
837
838
839
840
842
854
856
859
863
870
878
879
881
886
889
890
894
896
897
901
903
905
906
909
910
914
917
923
924
934
938
939
940
949
952
957
960
963
968
979
980
982
984
990
994
996
999
1003
1005
1011
1012
1013
1016
1022
1024
1026
1035
1036
1038
1042
1049
1056
1059
1060
1070
1074
1077
1079
1080
1082
1083
1084
1085
1091
1100
1101
1105
1106
1107
1109
1118
1119
1122
1124
1125
1129
1130
1135
1138
1144
1146
1148
1150
1153
1155
1158
1159
1161
1162
1164
1165
1169
1174
1190
1191
1194
1195
1198
1204
1205
1207
1209
1220
1231
1232
1235
1246
1247
1255
1260
1262
1265
1269
1270
1273
1276
1277
1280
1282
1285
1286
1287
1294
1295
1296
1297
1301
1302
1307
1309
1310
1317
1318
1320
1323
1324
1334
1337
1341
1344
1347
1349
1354
1358
1361
1362
1363
1365
1367
1369
1375
1377
1379
1386
1388
1392
1401
1403
1405
1406
1410
1411
1426
1435
1439
1440
1448
1454
1455
1459
1461
1471
1472
1473
1475
1476
1481
1485
1490
1494
1498
1500
1502
1505
1507
1511
1517
1518
1521
1524
1525
1529
1534
1535
1539
1540
1545
1548
1549
1554
1559
1560
1565
1569
1571
1573
1574
1577
1578
1584
1590
1597
1600
1602
1605
1609
1611
1625
1626
1627
1636
1639
1640
1642
1644
1645
1649
1654
1658
1659
1660
1662
1664
1670
1672
1676
1677
1681
1688
1694
1695
1697
1698
1700
1703
1705
1707
1708
1709
1710
1716
1717
1723
1724
1725
1728
1731
1732
1734
1739
1740
1741
1752
1757
1758
1759
1760
1764
1768
1771
1779
1783
1789
1791
1797
1801
1803
1811
1812
1815
1822
1823
1833
1841
1845
1850
1851
1852
1853
1854
1856
1857
1860
1862
1864
1867
1869
1871
1872
1873
1876
1878
1887
1891
1895
1902
1906
1908
1933
1942
1944
1947
1950
1953
1955
1957
1959
1962
1968
1974
1981
1983
1985
1988
1989
1994
2000
2003
2004
2008
2014
2018
2019
2020
2031
2034
2035
2037
2038
2047
2048
2052
2061
2064
2066
2069
2071
2090
2093
2094
2098
2099
