4
6
7
12
17
22
24
25
28
29
30
35
41
48
52
59
61
63
68
71
76
80
87
92
93
96
101
103
105
107
108
110
114
115
120
121
131
134
141
146
148
150
168
170
173
174
179
180
181
187
193
194
195
199
205
206
207
211
213
221
229
239
240
243
260
261
266
267
271
274
288
293
294
296
298
300
302
314
316
320
322
323
324
326
330
331
332
333
341
344
345
348
352
364
365
368
370
375
377
378
384
390
393
396
401
403
407
410
416
420
423
430
432
435
436
441
442
445
447
449
453
459
462
474
478
486
488
491
493
495
501
504
507
515
516
521
523
525
527
543
558
559
560
566
571
572
581
587
592
596
598
603
604
607
610
611
612
614
617
619
622
627
630
636
641
643
644
645
650
653
661
664
665
674
675
677
680
682
683
695
697
699
702
703
705
707
710
712
715
717
718
729
730
733
734
740
742
749
750
754
763
768
769
770
773
777
780
781
782
786
788
798
799
802
808
811
813
820
821
822
832
833
839
846
848
856
859
863
864
866
867
868
873
880
886
888
893
897
902
913
931
933
935
936
938
940
944
956
961
962
964
965
970
973
980
983
1009
1014
1015
1016
1025
1026
1028
1029
1033
1037
1039
1050
1051
1054
1057
1064
1067
1070
1076
1078
1080
1089
1100
1105
1108
1110
1113
1114
1118
1121
1136
1139
1141
1143
1147
1151
1157
1159
1161
1173
1175
1178
1182
1187
1189
1194
1198
1200
1201
1214
1218
1220
1221
1234
1235
1243
1244
1245
1249
1250
1254
1261
1266
1272
1279
1283
1287
1289
1294
1298
1300
1305
1314
1317
1320
1325
1328
1332
1334
1339
1349
1354
1376
1385
1388
1394
1407
1428
1429
1431
1440
1442
1443
1446
1469
1472
1474
1475
1477
1478
1487
1494
1495
1502
1510
1511
1513
1518
1522
1526
1527
1531
1532
1539
1543
1549
1551
1553
1561
1562
1568
1571
1572
1578
1583
1584
1585
1587
1588
1589
1597
1600
1607
1609
1611
1620
1621
1623
1625
1626
1627
1638
1640
1647
1648
1649
1650
1654
1657
1665
1668
1677
1678
1679
1682
1685
1687
1697
1702
1707
1708
1712
1720
1721
1725
1726
1729
1737
1741
1742
1747
1753
1756
1761
1765
1766
1771
1776
1780
1785
1787
1792
1794
1796
1797
1799
1802
1808
1811
1813
1817
1818
1819
1820
1822
1823
1826
1827
1834
1845
1847
1853
1859
1869
1875
1877
1881
1885
1891
1906
1909
1921
1932
1938
1942
1944
1947
1948
1949
1959
1963
1965
1972
1974
1976
1979
1984
1985
1986
1991
1993
1998
1999
