0
3
11
19
20
26
27
32
33
36
39
46
49
51
53
55
64
66
70
72
77
78
79
81
83
84
88
91
94
99
100
102
106
112
119
122
127
130
132
133
135
144
145
149
151
152
154
156
159
160
162
164
167
176
177
182
184
190
197
200
201
204
208
209
215
217
222
225
226
231
232
233
234
235
237
238
242
248
250
252
259
263
264
265
272
273
276
279
280
285
287
291
299
305
307
309
311
313
317
318
319
321
327
329
336
340
347
359
360
361
366
367
369
374
376
380
383
388
389
391
392
398
400
402
406
408
417
418
419
421
431
437
438
443
454
455
458
461
464
466
467
472
473
477
482
483
487
489
490
492
496
497
502
503
505
506
508
510
511
512
513
519
520
522
526
528
529
530
531
535
538
540
541
542
544
545
547
550
555
556
567
568
574
575
580
584
588
593
594
595
597
599
601
606
608
609
616
620
621
624
631
640
647
649
655
656
657
659
660
662
667
668
671
673
678
679
681
684
686
687
688
689
690
691
692
694
701
711
713
719
720
722
723
724
725
727
728
735
736
737
739
741
747
748
751
755
756
759
762
764
765
766
771
775
778
783
787
789
791
792
793
800
801
803
809
815
816
817
826
830
831
835
836
840
841
843
844
847
849
851
869
871
881
885
891
892
899
900
901
904
906
909
914
919
920
924
926
932
939
942
945
947
951
954
957
960
963
967
969
972
975
976
978
984
990
991
997
998
1000
1003
1004
1007
1012
1013
1021
1022
1023
1024
1027
1031
1038
1040
1042
1046
1052
1058
1059
1068
1069
1073
1090
1095
1097
1099
1101
1102
1107
1109
1112
1117
1119
1124
1125
1126
1127
1128
1131
1138
1140
1142
1148
1153
1154
1155
1160
1162
1164
1165
1166
1167
1168
1170
1171
1176
1177
1179
1183
1192
1197
1202
1203
1204
1205
1206
1210
1211
1215
1217
1219
1223
1225
1227
1228
1233
1237
1238
1239
1241
1251
1253
1258
1259
1267
1270
1281
1284
1285
1293
1295
1297
1307
1310
1311
1316
1318
1319
1321
1324
1338
1340
1345
1350
1352
1353
1355
1356
1358
1359
1363
1367
1368
1369
1370
1371
1374
1377
1379
1382
1384
1389
1390
1391
1392
1393
1397
1401
1402
1406
1408
1409
1410
1416
1419
1421
1426
1427
1433
1438
1439
1441
1448
1450
1452
1453
1455
1458
1460
1461
1463
1464
1467
1468
1479
1484
1485
1486
1488
1493
1496
1498
1499
1500
1501
1504
1505
1507
1509
1512
1514
1516
1517
1523
1524
1528
1529
1530
1534
1535
1538
1540
1544
1545
1550
1552
1557
1563
1569
1570
1573
1574
1575
1581
1590
1593
1594
1598
1604
1605
1606
1612
1613
1616
1617
1618
1619
1622
1631
1632
1633
1635
1637
1641
1642
1651
1652
1664
1666
1669
1673
1674
1675
1684
1686
1688
1690
1691
1692
1693
1695
1696
1698
1699
1700
1710
1713
1714
1717
1723
1724
1730
1731
1732
1733
1734
1736
1738
1739
1745
1748
1749
1754
1755
1759
1760
1763
1764
1768
1775
1778
1784
1786
1791
1798
1800
1803
1807
1810
1814
1829
1830
1835
1837
1839
1842
1846
1849
1851
1855
1857
1860
1862
1863
1864
1867
1872
1873
1876
1882
1883
1886
1890
1896
1897
1899
1900
1902
1903
1905
1912
1915
1920
1924
1930
1931
1933
1937
1940
1943
1946
1951
1962
1964
1969
1971
1977
1980
1981
1990
1992
1994
