1
8
9
13
14
18
21
38
42
44
45
50
54
60
82
86
98
104
109
116
117
118
123
124
125
126
142
143
147
155
169
171
202
203
219
220
223
224
227
228
230
236
241
244
246
251
256
262
268
270
277
283
284
292
295
304
308
310
312
328
334
337
338
339
343
346
349
350
354
356
357
372
385
387
404
405
409
411
413
422
424
425
427
428
433
434
444
450
452
456
457
460
465
468
471
476
498
499
509
517
518
524
532
533
537
546
551
561
562
564
565
569
573
576
582
585
586
590
591
600
602
618
625
628
629
634
651
654
663
672
685
693
698
700
704
706
709
714
731
743
744
745
753
767
774
784
785
790
797
805
812
814
825
828
829
834
842
852
860
865
870
872
875
876
879
882
887
889
895
908
915
916
917
918
922
928
930
934
941
949
950
955
958
966
968
971
974
977
981
982
985
986
987
989
993
995
1001
1002
1006
1008
1010
1020
1047
1049
1053
1055
1056
1060
1065
1079
1082
1083
1084
1086
1092
1094
1103
1104
1115
1120
1123
1129
1132
1146
1149
1150
1172
1174
1180
1181
1185
1186
1188
1193
1196
1199
1207
1208
1213
1224
1226
1230
1242
1248
1257
1260
1263
1269
1274
1276
1278
1288
1291
1292
1296
1301
1302
1303
1309
1312
1315
1326
1331
1333
1341
1342
1348
1361
1362
1373
1375
1380
1386
1403
1412
1413
1415
1425
1430
1435
1445
1447
1451
1454
1456
1457
1466
1470
1473
1476
1481
1482
1490
1491
1492
1506
1508
1515
1519
1521
1533
1536
1537
1547
1554
1560
1564
1582
1592
1599
1601
1614
1628
1629
1639
1656
1659
1662
1672
1681
1683
1694
1701
1704
1709
1711
1718
1722
1728
1735
1740
1743
1744
1750
1757
1758
1762
1767
1770
1773
1779
1790
1793
1795
1801
1816
1821
1825
1831
1833
1840
1841
1843
1848
1852
1856
1866
1879
1884
1887
1888
1892
1898
1901
1907
1910
1911
1913
1914
1919
1922
1926
1927
1929
1941
1950
1952
1954
1956
1961
1970
1973
1975
1978
1988
1989
