2
5
23
34
58
69
73
74
89
90
95
97
129
137
139
140
153
157
165
175
178
185
188
189
191
192
196
198
216
218
245
249
253
254
255
257
275
278
281
289
290
297
325
335
351
379
381
382
386
397
399
439
440
448
463
469
479
480
494
500
553
557
570
589
605
615
632
639
646
648
676
738
776
779
794
795
804
806
818
819
823
824
827
854
855
857
858
862
874
878
883
884
898
911
948
988
1011
1017
1030
1034
1036
1041
1043
1045
1048
1062
1074
1081
1085
1087
1091
1111
1116
1122
1130
1133
1145
1156
1184
1190
1209
1216
1232
1246
1264
1271
1286
1290
1304
1313
1323
1330
1343
1344
1346
1365
1387
1395
1398
1399
1400
1404
1414
1422
1424
1434
1436
1437
1444
1459
1462
1465
1471
1480
1503
1525
1546
1555
1559
1565
1567
1576
1577
1580
1586
1615
1630
1636
1644
1646
1667
1670
1676
1689
1716
1727
1746
1752
1781
1783
1809
1812
1832
1850
1854
1858
1870
1880
1894
1904
1917
1918
1967
1968
1983
1996
